0 25
1 25
2 25
3 25
4 25
5 25
6 25
7 25
8 25
9 25
10 25
11 25
12 25
13 25
14 25
15 25
16 25
17 25
18 25
19 25
20 25
21 25
22 25
23 25
24 25
25 25
26 25
27 25
28 25
29 25
30 25
31 25
32 25
33 25
34 25
35 25
36 25
37 26
38 26
39 26
40 26
41 26
42 26
43 27
44 27
45 27
46 28
47 28
48 28
49 28
50 28
51 29
52 29
53 29
54 30
55 30
56 30
57 30
58 30
59 30
60 31
61 31
62 31
63 31
64 31
65 31
66 31
67 31
68 31
69 32
70 32
71 32
72 32
73 33
74 33
75 33
76 33
77 33
78 34
79 34
80 34
81 34
82 34
83 35
84 35
85 35
86 35
87 35
88 35
89 36
90 36
91 36
92 36
93 37
94 37
95 37
96 37
97 37
98 38
99 38
100 38
101 39
102 39
103 40
104 40
105 40
106 40
107 41
108 41
109 41
110 41
111 42
112 42
113 43
114 43
115 44
116 44
117 44
118 45
119 45
120 45
121 45
122 46
123 46
124 46
125 46
126 47
127 47
128 48
129 48
130 48
131 48
132 48
133 48
134 49
135 49
136 49
137 49
138 49
139 49
140 49
141 49
142 49
143 50
144 50
145 50
146 55
147 55
148 55
149 55
150 55
151 55
152 55
153 55
154 55
155 55
156 55
157 55
158 60
159 60
160 60
161 60
162 60
163 60
164 60
165 60
166 60
167 60
168 60
169 60
170 65
171 65
172 65
173 65
174 65
175 65
176 65
177 65
178 65
179 70
180 70
181 70
182 70
183 70
184 70
185 70
186 75
187 75
188 75
189 75
190 75
191 75
192 80
193 80
194 80
195 80
196 80
197 80
198 80
199 80
200 80
201 80
202 85
203 85
204 85
205 85
206 85
207 85
208 85
209 85
210 85
211 90
212 90
213 90
214 90
215 90
216 90
217 90
218 90
219 90
220 90
221 90
222 90
223 90
224 90
225 90
226 90
227 90
228 90
229 90
230 90
231 90
232 90
233 90
234 90
235 90
236 90
237 90
238 90
239 90
240 90
241 90
242 90
243 90
244 90
245 90
246 90
247 90
248 90
249 90
250 90
251 90
252 90
253 90
254 90
255 90
256 90
257 90
258 90
259 90
260 90
261 90
262 90
263 90
264 90
265 90
266 90
267 90
268 90
269 90
